-4.562347994659136652e-01
-4.184530207582040084e-01
6.145069143212672502e-01
-8.303508137402974831e-02
-3.204463291014127968e-01
-3.678722291733741573e-02
-7.347230248847448353e-01
2.345374246822566067e-01
-7.634112254563887312e-01
5.394769598457841431e-01
5.396899885477083464e-02
-1.396690510379748007e+00
2.024749879990907220e-01
-7.607839992779267257e-01
-1.053539926939823124e+00
4.762024086017240809e-01
-1.608349795956515449e-01
3.613715298830018074e+00
3.083822950522415507e+00
-4.236977976127517032e+00
-2.278493595952460371e+00
6.565815116047620137e+00
-4.264709940345966288e+00
