-1.102589162810926500e+05
-2.248683289685483649e+07
-2.574536508822508156e+07
2.953773801642338745e+06
-1.226638398879588023e+07
2.943268614791174233e+07
-1.875973830282322317e+07
-1.956128915997745842e+07
-3.038430395974276587e+07
-2.130448761463104561e+07
-2.009964051626191288e+07
3.124289961311859637e+07
8.110934391724818386e+06
-2.678085799620514363e+07
3.225626814632320032e+07
6.793976886701080017e+06
2.488969263727985322e+06
-4.384763971467536874e+06
6.609202416713169776e+06
4.990233274562657811e+06
2.128945923045129515e+06
-7.423954451935567195e+05
-3.554151863865428604e+06
1.085091791019757511e+05
3.678187394489411381e+05
3.168475628928368911e+07
-5.992796774078268791e+05
6.189519167351468932e+05
6.292914032756269909e+06
6.101268092947001569e+06
1.216713201985134929e+07
1.114246879212023504e+07
2.382688799122202024e+07
2.030141594368691742e+07
1.703381090891917422e+07
5.963493146918868646e+06
7.738951654454876669e+06
-2.344961257729062065e+07
1.465537168418266438e+07
6.179735969433145598e+06
4.461053503460508771e+06
-1.249978203276645858e+06
-3.823988508552535437e+06
-8.685355732156904414e+06
-1.108187036106857471e+07
-1.236521831733166613e+07
-1.131092837787124515e+07
-9.599716141405796632e+06
-7.306012113306210376e+06
-3.106586176036643446e+05
3.263792190957811475e+07
2.682618723935939744e+07
-5.171556277982372791e+06
2.411959141246743128e+07
-3.673830760403162241e+07
2.367648584938017651e+07
2.421764767641837150e+07
3.152614337225309387e+07
2.392583020313745365e+07
2.335277359009280428e+07
-3.411623405172678828e+07
-8.196991194233647548e+06
3.044442382832726464e+07
-4.462411314566645771e+07
-9.381863754041155800e+06
-4.555238870332615450e+06
8.132478003200525418e+05
-6.880630499710166827e+06
-8.436921891709592193e+06
-5.527279891548414715e+06
2.870543473318075761e+06
3.881755318035497796e+06
8.207195515999689233e+05
1.136904826343637891e+06
-4.288845913297592849e+07
6.921698310171065852e+06
-2.526354860896180384e+06
-4.584654311605586670e+06
-6.729531179423721507e+06
-1.121581690180112608e+07
-1.997335065619478747e+07
-3.002519432500171289e+07
-1.847828988253144920e+07
-2.236406265441088378e+07
-5.997104543778841384e+06
-9.676479638277066872e+06
2.576838439868507162e+07
-1.840268183596475050e+07
-8.887303124323034659e+06
-2.530105718607414979e+06
5.430536023029862903e+06
-1.833820861039537238e+06
1.238262898092535883e+07
1.294970512327328138e+07
1.382605707680491917e+07
1.554377246362909675e+07
1.133520375368675962e+07
1.564484324458148703e+07
3.847089856331595802e+05
-9.121026841550339013e+06
-1.557842203600376658e+07
3.403974448152181227e+06
-9.401043056444870308e+06
1.404329822395948321e+07
-1.216996279095619917e+07
-1.049204255680679157e+07
-1.209047011577851139e+07
-8.166057123516930267e+06
-8.895306409310795367e+06
1.381559882443832234e+07
4.637143662549945526e+06
-1.135621652333822101e+07
2.099348338676296175e+07
2.596985240571620408e+06
2.435652089712971356e+06
-8.527789395605734317e+05
3.680359398884807248e+06
1.871441916379987495e+06
1.013539957126969937e+06
-1.067649224594557192e+06
6.393195663885693066e+05
-2.052682983000537206e+05
2.617242682389705908e+06
1.735472337517859042e+07
-1.275960508318868838e+07
8.951864433636534959e+05
4.538411194323422387e+06
3.664940084314613137e+06
1.168346810941501893e+07
2.532587235054694582e+06
1.273333162385187671e+07
7.659949991922739893e+06
8.744842858291808516e+06
6.206287726914177649e+06
4.179524131247200072e+06
-1.461028586957178451e+07
8.446578649897569790e+06
3.092684344147303142e+06
2.837312002018772997e+06
-2.319227364747026935e+06
-3.220449168332177214e+06
-4.865757509222511202e+06
-6.506612284976967610e+06
-6.235123352600059472e+06
-5.728087951820997521e+06
-4.837009037876353599e+06
-6.224174614393653348e+06
4.992634968993862858e+05
-8.331405528391238302e+06
-3.821180823141432833e+06
1.548483273220699513e+06
-2.744512069528696593e+06
8.485763206886706874e+06
-4.914793870197435841e+06
-6.775477656736266799e+06
-7.281670379083607346e+06
-3.635171961947960779e+06
-3.843594726339102723e+06
3.549318123951457441e+06
4.606259508384947549e+05
-3.906732428595155943e+06
9.987510678205750883e+06
3.067193977366323583e+06
-1.393011103847848251e+06
-1.369018065082421293e+06
1.586677871881464031e+06
-1.890189685834692791e+05
1.650637164954210632e+06
-5.311786691987646045e+05
-3.670155238490545657e+06
5.590341938399554929e+05
-5.629295401216334431e+05
6.753259625039244071e+06
3.509528152347706724e+06
-3.682861808169632684e+06
4.418004821885013953e+06
2.159897632811222691e+06
9.625900376717302948e+06
-4.175431232330052648e+06
5.721833288119386882e+06
5.056211533157440834e+06
5.448474345810791478e+06
1.397341348508562893e+06
6.110025152684500208e+05
-3.039024207585629541e+06
2.926137228759856429e+06
1.854246789629000705e+06
3.485797375724934391e+05
-6.687138644844239578e+06
5.442895494232061319e+06
-2.203388524056214374e+06
-2.075199752022065921e+06
-1.928745118792577647e+06
-2.540590454610306770e+06
-1.526879285668555181e+06
-5.838710770538087934e+06
7.582155848541102605e+05
-2.292377433653625660e+06
-4.887685593623851892e+05
-3.808606958954825532e+05
1.865118942963726353e+06
5.076209944173528813e+06
-6.508495054837283678e+06
-5.270314506286364980e+06
-4.369190990995962173e+06
-4.144459066325505730e+06
-3.529312444715602789e+06
7.565238730645688251e+06
3.389315857482656720e+05
-1.783279424142985605e+06
3.294608387788212858e+06
3.663707362428391352e+06
1.358491182747213403e+06
-1.369671948860225035e+06
8.133877577624726109e+05
1.315782243567010853e+06
1.247562368986606132e+06
-2.976146161068966612e+06
1.538112284415429691e+06
1.240988153187673306e+06
3.655299460010377690e+06
7.894964234383556992e+06
-8.768260685830193106e+05
-2.071637283127811272e+06
1.487042783673953963e+06
8.618217202921458520e+05
2.579518628132173792e+06
3.296972584257112816e+06
3.558365758960175794e+06
2.775542127369887894e+05
5.412673370921221562e+06
-4.104337893167132977e+06
2.699856220358114690e+06
2.653543376442339504e+05
2.256698241357780993e+06
1.521331702817648416e+06
4.016383047936630901e+06
-3.459671968767432030e+06
-8.043316316534815356e+06
-6.470808513127929764e+05
-1.966954141436134232e+06
1.670559685032131616e+06
-9.581573403295664117e+06
-6.426459262324863812e+05
-7.023830379180850461e+06
3.702561891870271065e+05
-3.807212202111637592e+07
-3.290586436998776346e+07
6.771150744309123605e+06
-2.680801025681315362e+07
4.360605762575735152e+07
-2.775305978422295675e+07
-2.973234769733507931e+07
-4.059409251819859445e+07
-2.519939119160650298e+07
-2.572789506517196074e+07
5.458564676366022229e+07
9.048391100053649396e+06
-3.624851890056502074e+07
4.011411411044518650e+07
5.553348433027863503e+06
7.303307161011783406e+06
-1.046585217072769956e+04
8.211949258533519693e+06
9.912631424116270617e+06
6.708062237475447357e+06
-1.931921260987272952e+06
-8.944688543874494731e+06
-2.118548302779304795e+06
-1.293593001604140736e+06
5.471058076534748077e+07
-7.724311758457417600e+06
9.192686970547864912e+05
6.456372939090383239e+06
8.780517548342077062e+06
2.042363991693681106e+07
1.740295884480067715e+07
3.631015860930074006e+07
2.301834118427929655e+07
2.520422396556025371e+07
1.457979900266618468e+07
4.715054727913950570e+06
-3.259815378930700198e+07
2.180147273371090740e+07
1.038905582475729100e+07
7.342656661983399652e+06
-8.339007184060944244e+06
-2.911566268343778327e+06
-1.440616693138971180e+07
-1.601529892721153796e+07
-1.969320083757023886e+07
-1.481379577629464865e+07
-1.165468154098027386e+07
-1.874231468927303702e+07
3.569863567083818489e+05
-2.932189725358843431e+07
-3.500738563400788605e+07
4.945172396630749106e+06
-2.386337400697204098e+07
3.375766396358848363e+07
-1.948063438499693945e+07
-2.333757822923895344e+07
-3.223410070931906253e+07
-2.258027989889171720e+07
-2.293408964039128646e+07
4.194802650398656726e+07
7.274398723407021724e+06
-2.482014123731616512e+07
3.229306946718769148e+07
5.976385349020507187e+06
3.243988789868414868e+06
-5.330442400322845206e+06
8.356791627037731931e+06
4.882013341832594946e+06
3.289172977633882314e+06
-3.021955677549946122e+06
-2.838216897263937281e+05
-2.118239711023970507e+06
1.897221186947612790e+06
4.299044258186033368e+07
-4.871763345863062888e+06
2.943769221477033570e+06
6.911747533160870895e+06
6.489451841407381929e+06
1.603631266793151759e+07
1.241080920004814863e+07
2.830318062000621110e+07
1.864196798788546771e+07
1.938791457861926779e+07
5.898289584709840827e+06
1.224330589237525500e+07
-2.780119729639803618e+07
1.437601237433401309e+07
6.757808301740690134e+06
2.212299312478002394e+05
-4.754976965268904460e+05
5.890277197004394606e+06
-1.317994115673950315e+07
-1.219922724915524945e+07
-3.012349705315774307e+06
-1.703359508704527467e+07
-9.223258148422675207e+06
-1.559264003884520940e+07
-9.495976103168481495e+04
2.332115755292268842e+07
2.581042450300328061e+07
-7.164404854191626422e+06
2.630397845388015732e+07
-3.216979505469992757e+07
1.527201465571787767e+07
1.946927679394257069e+07
2.699307576396213844e+07
2.375998317289503291e+07
2.426965275669784844e+07
-3.900569419986261427e+07
-8.021592907498014160e+06
2.635073135756323114e+07
-3.307551714301245287e+07
-1.046669241669342667e+07
-4.655294710974017158e+06
1.509863413851592690e+06
-6.552579630326203071e+06
-6.113145430628472939e+06
-6.435592262322221883e+06
2.929518637760130689e+06
1.480199821950381622e+06
4.057184043896192685e+06
2.895631181196385529e+06
-3.643650587014370412e+07
4.179082230665782932e+06
-4.153041216815488879e+06
-4.990186079315590672e+06
-5.223932899885596707e+06
-1.753605216517153755e+07
-9.540294998294172809e+06
-2.661391913533046097e+07
-1.811944235265796632e+07
-2.169668423781004176e+07
3.164238560222308151e+06
-1.325967239849203452e+07
2.513707783619417250e+07
-1.717961730303118005e+07
-5.709580755294358358e+06
-6.709194564432336017e+06
9.425605206953771412e+06
3.522563853123185690e+06
1.121374792685402557e+07
1.169813302798244543e+07
1.593578167457423173e+07
6.134208271850431338e+06
1.362857759754719213e+07
1.246168405270812102e+07
-1.982483812900455436e+06
5.217332802964413911e+07
5.179488772827922553e+07
-6.927271566316884011e+06
4.268666447876224667e+07
-6.434391912034972012e+07
3.437820754715786129e+07
3.883325727869825810e+07
5.188097362428914756e+07
3.676545149807480723e+07
3.639617846341655403e+07
-6.394341844471557438e+07
-1.232320461438218504e+07
5.196328054448603094e+07
-6.591039083971804380e+07
-1.675221946580471098e+07
-8.476043228732947260e+06
8.548349603509960696e+06
-1.223137202044622973e+07
-7.324082620202057064e+06
-5.009368158621727489e+06
2.187438672846186440e+06
4.212796498878612183e+06
4.155433168631998356e+06
-8.786275168255899101e+06
-7.112036959499314427e+07
5.233499716002224013e+06
-3.556663424499252345e+06
-1.368304227290342376e+07
-1.193516478921697848e+07
-2.428684759626359865e+07
-2.429859894204575196e+07
-5.087698587863066047e+07
-3.741560906091987342e+07
-4.054720241240806133e+07
-9.187080899158192798e+06
-6.056917969422428869e+06
4.994727302149242908e+07
-2.946248170595179126e+07
-1.657358476440926455e+07
-7.682457766983004287e+06
2.746032966968345456e+06
7.144430182777472772e+06
2.415653746731782332e+07
2.249092043423720449e+07
2.558591268768049777e+07
1.832333223638037965e+07
1.464617786783425324e+07
3.444269242088584602e+07
-1.047497275450770510e+06
3.047592324767510593e+07
3.340868372519732267e+07
-1.378662228570267372e+07
2.053570794907138869e+07
-3.736496698739452660e+07
2.298830981863481179e+07
2.373864238689512759e+07
3.363898376832440495e+07
2.308009098669014499e+07
2.114702659882397577e+07
-3.536310249613514543e+07
-1.664748921056685969e+06
2.935790124717688933e+07
-4.266617051462122053e+07
-1.648762687221029541e+06
-5.232333247404063120e+06
6.404068798037422821e+05
-5.751777240347046405e+06
-1.037241774492369406e+07
-9.134030067152416334e+06
8.174771947580505162e+06
1.892482651792502729e+06
4.322703383017123677e+06
7.577658921789406799e+06
-4.110249177880429476e+07
-3.617718685828261659e+05
-2.961311509832884185e+06
-3.056431070116038434e+06
-7.186640783800217323e+06
-1.597678695990430191e+07
-1.177255286688158102e+07
-2.916622293818783015e+07
-2.128535259059939533e+07
-2.061088955742906779e+07
-9.099577077540261671e+06
-1.136175995999321900e+07
2.857888997094773874e+07
-1.605930804194579832e+07
-9.728393756842175499e+06
-8.057232866852670908e+06
-2.497332412380148191e+06
8.546324269441960379e+06
1.145356843206060119e+07
1.300800341604397260e+07
9.667351114610698074e+06
8.992614870014566928e+06
9.190822837572451681e+06
2.389961708393732831e+07
1.149164855403403984e+06
-3.255828225443487521e+06
-3.220067180422833189e+06
3.386008731520044152e+06
4.456291306452178396e+06
3.979014815754136536e+06
-9.220437340902016731e+05
-3.502737585871539079e+06
-4.226467697227080353e+06
-2.972989807701679412e+06
-1.946537197146972176e+06
3.593796237829552963e+06
3.658970465844510123e+06
-2.691544719484690577e+06
1.174924660033212276e+06
7.965897756663308479e+06
-9.806157496229256503e+05
-6.154990137373487232e+05
-9.312480763162748190e+05
2.364418046042672358e+06
5.178587140923771076e+06
9.381253686831915751e+06
-9.112742709522329271e+06
-5.666811007224476896e+06
-3.911044403378015850e+06
4.972337563615716994e+06
-6.896807973278330639e+06
1.276916376308606938e+06
-2.131674981171121355e+06
-8.406720566923787119e+05
4.328909660682422109e+06
-1.308162491315629799e+06
5.731604280281546526e+06
4.760954790480194060e+04
5.805146438233823515e+06
-4.002423245713414159e+06
3.094075182508398313e+06
-1.915053101283828961e+06
-1.294458409098573902e+05
1.400711627748816274e+06
-7.481549938923644833e+06
8.967132571101667359e+06
-6.230342953734501498e+05
-9.715022924889695132e+05
-9.478048017260544002e+05
-5.460604219199755229e+06
-3.050828282533556223e+06
3.574759457036299631e+06
-5.771789780920899473e+06
3.078501983435476199e+06
-8.925353939992424846e+07
-1.048640793962904364e+08
1.678112680062821880e+07
-7.353472365284734964e+07
1.128073696941725314e+08
-6.588136765722486377e+07
-7.299011679976868629e+07
-1.025238981221118271e+08
-6.777625371365071833e+07
-6.813821675815543532e+07
1.173144548973427415e+08
3.174373007587639242e+07
-8.426742931454320252e+07
1.231888733217022717e+08
2.626240089599497244e+07
2.406974044821264222e+07
-9.204197885596064851e+06
2.063424027026197687e+07
2.383626952254368737e+07
1.631508210133636557e+07
3.108541504598429427e+06
-1.954971172420004755e+07
-9.467341671321703121e+06
-4.899557205949770287e+06
1.231486164108970016e+08
-1.332772288561288081e+07
8.832802449783693999e+06
1.531678075807842426e+07
2.026394210487143323e+07
4.455475002888413519e+07
4.626877354083652794e+07
9.211022099818536639e+07
6.784927579115155339e+07
7.247305419267195463e+07
1.773845419085325301e+07
1.155556962158602849e+07
-8.897115765083515644e+07
5.340837469076227397e+07
2.492939544286959246e+07
2.425568004832376540e+07
-1.961866161292558908e+07
-8.445423322886580601e+06
-3.448543910609472543e+07
-4.125608896034482121e+07
-2.957864429878582060e+07
-4.590123133132932335e+07
-3.738380787471292913e+07
-5.052741144074828923e+07
1.990552937037689146e+06
-6.590308753874212503e+07
-6.438751302701551467e+07
9.085238147595521063e+06
-5.436554714405588806e+07
7.334287873585851490e+07
-4.537391248771924525e+07
-4.810548156063129753e+07
-6.616993508987207711e+07
-4.916702792881895602e+07
-4.832202008673032373e+07
8.288264167328625917e+07
2.393325465436348319e+07
-6.132178727134318650e+07
8.692635459816557169e+07
1.213935230031732284e+07
1.719806263381701708e+07
-1.939245391098108143e+07
1.737530674368382618e+07
1.504205569621207751e+07
1.062082687218312547e+07
8.607168938877752051e+06
-1.478927430995255895e+07
-3.914617245697914041e+05
-1.419021192611111561e+06
8.873265067151713371e+07
-6.981549879190105014e+06
1.359634993393128971e+06
1.258018731620118394e+07
1.394926362447574921e+07
2.950401009094134718e+07
2.974399621965972707e+07
6.233343779685650766e+07
4.437045316163881868e+07
3.552763811649921536e+07
1.713816128054925054e+07
2.855093480733114481e+07
-6.040226960809126496e+07
4.061093088598502427e+07
2.271799549949627370e+07
1.412731387494881451e+07
-1.503397648154628649e+07
-1.008207860527584329e+07
-2.796262105241565034e+07
-3.150483471070627123e+07
-2.699281448536460847e+07
-2.787952282672406733e+07
-1.361145565223632753e+07
-4.083065569629955292e+07
-1.465625617701607756e+06
-1.721124336479403824e+07
-1.514642664680727758e+07
1.009761325144545524e+06
-1.297138933887373842e+07
1.706040044469946623e+07
-1.598483015419237502e+07
-1.878450701350329071e+07
-1.934172242623470351e+07
-1.769878255980345234e+07
-1.835789041045917198e+07
2.300097597558985278e+07
2.338561283276394941e+06
-1.241221275183668546e+07
2.118685216685046628e+07
1.000471528037547693e+07
1.090069473190446198e+07
8.391720699813222513e+06
5.462283650253938511e+06
3.572479286884733010e+05
-7.369994940909145400e+06
6.628392385104782879e+06
5.710611650197181851e+06
1.582867015568185132e+06
-1.173470912261115201e+07
1.703944036017081141e+07
-3.636293423643056303e+06
-1.759790072682822589e+06
8.990266177743786946e+06
7.682678672419177368e+06
8.576245321184631437e+06
9.552824812976293266e+06
1.734538627180832252e+07
1.063549123893970251e+07
1.221476029302815720e+07
3.585343937968988437e+06
1.961663094116021879e+06
-1.254984070337906852e+07
6.330083295380526222e+06
2.859303581313698553e+06
6.353184856728548184e+06
1.851972895061472955e+05
-9.975067402114535216e+05
-1.530265762018365040e+07
-1.188986512561218813e+07
-4.550182837984694168e+06
-2.458099910520390142e+06
4.686136400512008928e+06
-1.000951935931896791e+07
-7.479569633076770697e+05
-4.873601407393235713e+07
-5.704053951671618223e+07
7.337982634771059267e+06
-4.365455006266911328e+07
7.021503853259176016e+07
-3.627855687063299865e+07
-4.078522043679828197e+07
-5.468494721939377487e+07
-4.028459471541206539e+07
-4.041134313530511409e+07
6.840518712908093631e+07
1.718803316345449165e+07
-4.578867259724233299e+07
6.914888657197409868e+07
1.016747415308449045e+07
1.008540480987433158e+07
-5.066604202784565277e+06
1.061142569918458909e+07
1.577643583898549899e+07
1.433840121850025840e+07
-9.034394981723265722e+06
-3.267277194342800416e+06
-4.015255936286893208e+06
-8.778940722544129239e+05
6.606617448597542942e+07
-4.953298077502382919e+06
4.017117716961658560e+06
6.043034323017804883e+06
9.088998077787555754e+06
2.830933036930732802e+07
2.430434806515038386e+07
5.112691412869239599e+07
3.831409855089598149e+07
4.049477732723050565e+07
9.811307081124935299e+06
1.103005201098738797e+07
-5.494892366913380474e+07
3.254730107128483430e+07
1.509719373004256189e+07
1.131907106867367215e+07
-9.010518893049295992e+06
5.468903415219896124e+04
-1.832893535527085513e+07
-3.307511530475074053e+07
-3.268766649939276278e+07
-3.505655781333587319e+07
2.400593136544577312e+06
-2.456443233809304237e+07
-1.651725850679659983e+06
9.028979199488899112e+07
1.061710563868400156e+08
-2.887951572268640250e+07
8.358801117627671361e+07
-1.200572221382509768e+08
7.787924351731269062e+07
8.234366859790669382e+07
1.023704404306216836e+08
8.269412307635205984e+07
8.138056052643042803e+07
-1.319985104490987509e+08
-2.139604332885450497e+07
9.150728324499247968e+07
-1.362869874206770658e+08
-2.115806799942889810e+07
-2.349178576040225476e+07
5.514363813313299790e+06
-2.457730274650429934e+07
-1.937737664747047797e+07
-1.111374225517936237e+07
-3.632137905993038323e+06
2.171888699842837825e+07
1.053868084503669851e+07
-5.561311798933915794e+06
-1.393386200552238226e+08
7.579630839107963257e+06
-2.601318121173020452e+06
-2.110153307350205630e+07
-2.283709358326490968e+07
-4.869146693227360398e+07
-4.756911151552534103e+07
-9.583211095949208736e+07
-7.079444020757259429e+07
-6.988389058708703518e+07
-2.183721967881774902e+07
-2.489893684760121256e+07
9.685552209956572950e+07
-6.495404902917966247e+07
-2.306867739030404761e+07
-2.238326714350256324e+07
1.101085518067489378e+07
4.794810310682121664e+06
4.263332378895040601e+07
2.699137211043988541e+07
5.323315144010211527e+07
5.758340257704021782e+07
3.186911127452564985e+07
5.642617491919122636e+07
-5.223863571552107111e+06
-2.862272747124496102e+07
-3.553888346955306828e+07
-1.180699416302019963e+05
-2.922435026315261796e+07
4.838079446735869348e+07
-3.149019126846761256e+07
-3.088209568843591586e+07
-3.819011436744931340e+07
-3.219165353732359409e+07
-3.132026849321004748e+07
4.024831380052877218e+07
1.957093464903402328e+07
-2.942581937767637148e+07
4.802529318258753419e+07
7.566779092851796187e+06
6.731537502497580834e+06
6.896848178195129149e+06
7.339806896090010181e+06
9.679556454292958602e+06
1.046564012963304669e+07
-6.343847567793026567e+06
-1.495852796672622673e+07
-1.216296801174814813e+07
1.048595307002058625e+07
5.855320440532850474e+07
-2.915376675680823158e+06
1.599487347986207344e+06
3.549451089028119110e+06
4.445536309402904473e+06
1.217364136461998895e+07
9.958398416771745309e+06
3.686246192363817245e+07
3.066796683564562723e+07
2.527639194635920227e+07
1.021385162955438904e+07
1.226432816719054058e+07
-3.159508015896232799e+07
1.637435960195475444e+07
8.895945990431092680e+06
6.650819659007204697e+06
-7.277801245562045835e+06
-7.182654926582301036e+06
-2.912915171252277866e+07
-1.432686154589626007e+07
-7.655159098882143386e+06
-8.430626209402684122e+06
-4.741023164228152484e+06
-1.393018637632551044e+07
1.917215975674333749e+06
-3.637800422600246966e+07
-3.723232590315416455e+07
5.105500931096641347e+06
-3.207737726997312158e+07
5.510390184909554571e+07
-3.090848534766550362e+07
-3.194269623810132220e+07
-4.163515691412729770e+07
-2.826255714134095609e+07
-3.004752475372052565e+07
5.063850560636932403e+07
2.026147071987457946e+07
-3.566632464958902448e+07
4.951865560496377200e+07
9.635001798925099894e+06
1.156706603734867461e+07
-1.591249331277747825e+07
6.372311107709071599e+06
1.592772189675874263e+07
1.506999411570522003e+07
-1.478947026707057375e+06
5.881073745178765617e+06
7.792801467976082116e+06
-7.811592786120466888e+06
4.953323979621188343e+07
-6.234031937675676309e+06
-1.376863755255730823e+06
1.382400814998406684e+06
6.392207281248026527e+06
2.144400555622234941e+07
1.384677362692073919e+07
3.508123240922178328e+07
2.735890246643682197e+07
2.904553647809735313e+07
1.193152440589727648e+07
2.951583285093711223e+06
-3.310148882191657275e+07
2.771523560854741931e+07
2.532788784363550134e+06
1.701476382657313254e+06
-2.159281750390313566e+06
-5.152447476063946262e+06
-3.293700344592171535e+07
-6.509000709748109803e+05
-1.851868611898986995e+07
-1.947658718820720538e+07
-1.577875126203553565e+07
-2.096860035588192940e+07
2.428936802095949650e+06
-8.074307723829369247e+07
-8.370484845417924225e+07
6.602722335442396812e+06
-6.965514351786600053e+07
1.225869326320859641e+08
-6.368780146415814012e+07
-6.907261626429300010e+07
-8.933503088075795770e+07
-6.430171189865089208e+07
-6.354543347594708204e+07
1.086492751154213697e+08
2.534246178241116926e+07
-7.716016797419850528e+07
1.107443195217578113e+08
2.186402047096489370e+07
2.237469545969532058e+07
-5.507974665580666624e+06
1.965764702805580944e+07
1.814332260504231602e+07
1.266402219689536467e+07
-3.502826634877250035e+04
-1.592690070497526042e+07
-6.596622178272800520e+06
3.193872941757792607e+06
1.143098402933395058e+08
-9.927394573947453871e+06
1.119131179791379953e+06
1.632392052168648504e+07
1.696171875562242046e+07
4.445946237310364097e+07
4.085374719863061607e+07
8.728548080710151792e+07
5.690964094932591170e+07
5.074845449304167181e+07
2.062909246779044345e+07
2.624311101235537231e+07
-7.805381416862668097e+07
5.460227124894277751e+07
-2.873040989919269341e+05
2.041347249059440941e+07
-1.982621470433423296e+06
-4.126150602638258133e+06
-2.649781200474074110e+07
-4.740320497854027152e+07
-3.857249744012283534e+07
-3.789205846933922172e+07
-3.652157043535453081e+07
-5.457478745669437945e+07
-2.164536372485628352e+06
3.361364713565549999e+07
3.296675661168002710e+07
-1.021701557957945019e+07
3.298326028796250001e+07
-2.749238092965444922e+07
3.242221354003270343e+07
3.804698595195642114e+07
3.528302281150340289e+07
3.288089232719483972e+07
3.190001956492950767e+07
-4.545148380410493910e+07
-2.263416591388389841e+07
3.074905354654553905e+07
-4.799513062952003628e+07
-1.818911539438515529e+07
-1.773139193121626973e+07
8.906054238973394036e+06
-6.672541596879009157e+06
-1.056022611519902386e+07
-9.297397546733556315e+06
7.039038311633726582e+06
-1.067811301803104347e+06
3.012380676570673008e+06
1.790181515061292332e+06
-6.490588522412624955e+07
-1.720673332984043809e+05
-3.286629465471212287e+06
-7.398734343542871065e+06
-8.143393352848513052e+06
-1.057751515409886278e+07
-3.698605031127860770e+06
-3.013721013574118540e+07
-3.160379459930115938e+07
-2.380019938293826953e+07
-1.197765944828973152e+07
-1.337888104292444186e+06
3.196535958409786224e+07
-2.155295533563051000e+07
-9.783840715975241736e+06
-7.120547960697486997e+06
-3.957812482545231003e+06
-2.809978240574835800e+06
2.697297814964401070e+06
2.538452251345593482e+07
2.204106542581355199e+07
1.761278581084567681e+07
1.739259729991475493e+07
2.305077845715285093e+07
-7.153509249043818563e+05
-4.767793713270077109e+07
-5.661813607231014222e+07
1.720499072852169164e+06
-4.486895429272588342e+07
7.949640821452741325e+07
-3.630582313925065100e+07
-3.834688211485555023e+07
-5.376125878819426894e+07
-4.008689399400221556e+07
-3.796145215889100730e+07
5.465254266011230648e+07
2.296565091026157141e+07
-4.409715596348460019e+07
5.702145204228404164e+07
6.218720322679081932e+06
1.118236025392688438e+07
-8.855611958515165607e+05
1.635810415641658194e+07
9.219553976548109204e+06
-3.615264874144731555e+06
-6.544786332132482203e+05
-2.139866883386045694e+06
-4.354573534624352120e+06
-1.529457466056409106e+07
8.373573767675770819e+07
-8.831846736501730978e+06
-3.849036487270168145e+05
1.607375227550145984e+07
1.653138179176536202e+07
2.061278310193115845e+07
1.968962613294824958e+07
5.604233987492122501e+07
4.220870358887116611e+07
4.058852152516760677e+07
1.216102105839120783e+07
1.907718012684293091e+07
-5.014855442280988395e+07
2.491463316300949082e+07
2.466852740159584954e+07
5.887983479628119618e+06
-1.036253968393532000e+07
-9.089510805583778769e+06
-9.848421242726117373e+06
-1.159445299865067005e+07
-3.074090021331643686e+07
-3.078947977731539682e+07
-2.024926874480633438e+07
-3.160344016946381703e+07
1.005020044833109365e+06
-3.093545579359985888e+07
-2.347544342594202980e+07
-1.698983855319875525e+06
-2.318315036457244307e+07
2.338445029931330681e+07
-2.240549586581414565e+07
-2.249972800726109743e+07
-2.385186570062175393e+07
-2.357138449165990576e+07
-2.392623089130656794e+07
3.658813132639251649e+07
2.846591342797829211e+07
-2.328251833622186258e+07
3.253096962733406946e+07
-1.396163170997358626e+06
2.111693628874690912e+05
8.635643627907302231e+06
2.911874354116551112e+06
4.902832970776746050e+06
5.580395327761307359e+06
-1.098484727783353301e+05
9.860542306249812245e+05
1.373691693466402066e+05
1.062289334021754004e+07
1.240957757008531503e+07
1.024684401688972139e+06
-1.617119394950486021e+05
-2.122573266777299345e+06
-3.283476245277912240e+05
2.215892049040377885e+07
1.478173782711305656e+07
2.748713913518936932e+07
1.001120985531989858e+07
1.522653694266641699e+07
7.721454009461402893e+06
7.669182207808903418e+06
-2.012754528675862402e+07
-4.108440763373215683e+06
1.824701727903532982e+07
8.747865872428616509e+06
3.630301139572121669e+06
-3.474871453245404991e+05
1.884378097836825473e+05
3.578626692076228792e+05
-1.388242397318009473e+07
-9.069658823923686519e+06
-1.310185358843507431e+07
-2.203833353136422485e+07
-7.556806072925151326e+06
7.117975826373481750e+07
6.394291718009629846e+07
-1.590109215043881722e+07
5.324511264456621557e+07
-6.552896531545358151e+07
4.518304885092756897e+07
4.813641977540872991e+07
7.041602405630674958e+07
5.139894958441217989e+07
5.031579993564456701e+07
-8.212742246578127146e+07
-4.315571134492608905e+07
6.426248655203752965e+07
-8.607155256270240247e+07
1.579870346365526784e+05
8.822479413932927419e+05
9.698748693688692525e+06
-2.317940169695234671e+07
-1.417393323750155792e+07
-1.251818230349187739e+06
1.004845112327013351e+07
1.496794055623657629e+07
1.364417989575618692e+07
6.305874434201627970e+06
-9.179999617025719583e+07
8.954954687050219625e+06
-1.842212624699350214e+06
-2.288205530050627142e+07
-2.260421837822808698e+07
-3.163015791206590086e+07
-3.731088943099567294e+07
-7.170843474698266387e+07
-4.742663877478689700e+07
-6.801582189800778031e+07
-1.475765481631851196e+07
-1.790289653858539462e+07
6.091102775773008168e+07
-5.175720715844578296e+07
8.843947734217565507e+06
-1.909555079055522755e+07
6.584144936070752330e+06
6.517359997550567612e+06
2.858957494134655595e+07
2.662110437145048752e+07
2.832912627005821466e+07
3.144926179820830375e+07
1.261459879892477393e+07
4.447938980254054815e+07
1.729038300438652560e+07
-3.209275195315119624e+07
-3.753987909055825323e+07
1.026662589847546071e+07
-2.330082405422210693e+07
3.091763860856769979e+07
-2.003108753631594032e+07
-2.530742172079016641e+07
-3.862338318044549972e+07
-2.071984661186113581e+07
-1.953279251288859174e+07
3.533264570354269445e+07
1.894902734668062255e+07
-2.970603445220268518e+07
3.325505932276080176e+07
2.054544553160604462e+07
2.180596726940808818e+07
1.418350254294094071e+07
8.681007429157052189e+06
5.186893478528223932e+06
8.017228544504845049e+05
-1.463454459946116246e+07
-2.112066149273091927e+06
-1.074219188949390873e+07
3.912195970120218117e+06
2.902664966945359483e+07
7.606696331281160936e+06
3.355465010570878163e+06
8.476310065493522212e+06
7.906537539923271164e+06
1.857755997749929503e+07
1.673003826087907143e+07
3.820826486793121696e+07
1.780809565576806664e+07
3.245890729317926336e+06
1.118279800988317654e+07
7.277137118117203005e+06
-3.329189930777002126e+07
4.096674526926897466e+07
6.576022345872203819e+06
-2.959145994232121482e+07
-1.744859779484991729e+07
-1.704776024784091115e+07
-7.654002259022635408e+06
-7.880965175210195594e+06
-9.680134283518638462e+06
-1.628208066722972877e+07
-5.842050423077153973e+06
-1.901055196038013324e+07
-8.291368046847863123e+06
1.277033962836875170e+08
1.395537781907583773e+08
6.117414646325563081e+04
1.108672234665435553e+08
-1.661619699733423293e+08
9.591274490346342325e+07
1.044257048458922803e+08
1.447857348026804924e+08
1.044353947143810093e+08
1.024881621679075509e+08
-2.004693881584278643e+08
-3.597698661433013529e+07
1.209093763263823539e+08
-2.034649349077539444e+08
-1.980084914275802299e+07
-1.684729574043383449e+07
-4.266049469224485569e+06
-3.285066822142956778e+07
-3.433084057308109850e+07
-2.072063251983580738e+07
-7.477875303047331981e+06
2.025677993331091851e+07
8.132221210410775617e+06
4.477828002306709997e+06
-1.845104033136225939e+08
1.500772712541492470e+07
-3.474902258262741845e+06
-2.758568864224436879e+07
-3.215843823787708580e+07
-5.811604472693579644e+07
-4.794416632123011351e+07
-1.072723783754557967e+08
-9.908290896665251255e+07
-1.180225107592916042e+08
-3.366831526665138453e+07
-3.646545785885845125e+07
1.239779423608235568e+08
-9.642036307162880898e+07
-4.121186794039881229e+07
-3.015635961730638519e+06
1.501908784061275981e+07
1.905071601707457006e+07
5.263853095882775635e+07
6.854639357611492276e+07
5.802274917420480400e+07
6.635352534462361038e+07
5.374573344671276212e+07
8.323601553275649250e+07
1.042109629000907880e+06
-1.659010391157657467e+07
-1.957112091836279258e+07
-1.710662501445710659e+07
-7.454402796809616499e+06
1.425642529638300277e+07
-2.597791776769587304e+06
-4.760488492189148441e+06
-1.788963181662508845e+07
-2.296839688867826480e+06
-2.499587073699499015e+06
4.316384681425376236e+07
1.749718888654854964e+05
-2.075076359243910760e+07
4.477499315848392993e+07
2.411337394227727130e+07
2.482635701757135242e+07
-9.971926136663557962e+06
7.427349504657582380e+06
4.682092662505344488e+06
-2.552967654428162146e+06
-2.663582194858552516e+07
-1.345191297761729360e+07
-1.672722540645705350e+07
-1.003117391333108582e+07
2.036253998552463576e+07
-4.542960508000554517e+06
-7.235210594162925845e+05
9.514394576739316806e+06
7.837057088267549872e+06
3.812397320799592882e+06
6.448366627526738681e+06
2.043861011177078635e+07
1.586132346697072685e+07
1.455272782809856161e+07
1.624662763528743200e+07
1.672514440723694116e+07
-2.026171843357410282e+07
-1.968047898978539184e+07
-6.887669049416259862e+06
6.611398708091433160e+06
-4.487161946852643043e+06
1.762156015058908844e+06
-1.213707454089298099e+07
8.594280375265538692e+06
-1.888568089357104897e+07
-1.638753304499587975e+07
-4.275697661202310584e+06
-1.407066481405058689e+07
-1.233865627437469363e+07
-1.012984438734431863e+08
-1.157666870389862210e+08
2.891795145020681247e+07
-9.963453518766033649e+07
1.645680156582453251e+08
-9.703949577669157088e+07
-1.039973686671096981e+08
-1.201221072318999320e+08
-9.978856364394019544e+07
-1.000807449199175686e+08
1.631244274898473620e+08
4.164750669575199485e+07
-1.031889526682354510e+08
1.533806321449987292e+08
2.891457975745654106e+07
3.171189698428226262e+07
-3.670524238831935078e+07
4.196622900525423139e+07
2.861432263915943727e+07
1.042259749168705568e+07
-2.610194290133229643e+07
-3.960083410378314555e+07
-2.673956718187206984e+07
-6.645173855634102598e+06
1.400086488276295364e+08
-1.687313213669734821e+07
7.526194037835341878e+06
3.952961774892996252e+07
3.851924374970820546e+07
5.634562898528190702e+07
6.043187199766642600e+07
1.251161022862325609e+08
6.465950463271734118e+07
9.702962341466350853e+07
3.886054340532039106e+07
2.819706798300034553e+07
-1.037935185461290181e+08
9.211493292835913599e+07
6.450963625092985481e+07
2.076184505594782904e+07
-2.213666408298453316e+06
-3.337156677816960029e+06
-5.953939052480842918e+07
-6.514021733137702942e+07
-5.095934077677534521e+07
-5.572346390496526659e+07
-5.508383077062010765e+07
-6.516658783042536676e+07
2.135897376818716899e+07
1.969420552231775969e+07
2.513067503495728970e+07
3.843048936187917739e+07
9.430615338675579056e+06
6.445296369428827427e+06
1.091916125601934455e+07
9.294089571302130818e+06
2.112490304156842828e+07
7.168716954629016109e+06
6.821307454264359549e+06
-1.426171405552850477e+07
7.985083674450809136e+06
2.644870089643193036e+07
-1.414932137518971227e+07
-8.389078771875185892e+06
-1.297555533426360198e+05
-1.535305853654764220e+07
-6.358191900295166299e+06
-1.500190761322861537e+07
-1.560792297560365871e+07
5.975828689597897464e+05
-3.300121885590333492e+06
3.618850031946053728e+06
3.732218461251840461e+06
-2.218454896555807441e+07
2.718918952754453756e+06
-5.468862006798953749e+06
-7.878916746258456260e+05
-2.860740088087432086e+06
-1.022991468140274845e+07
8.228604364003958181e+06
-5.479296984353751689e+07
-1.939056063215197623e+07
-3.825947879939901643e+06
2.929989122057570610e+06
-8.851568504070112482e+06
1.978727744579137862e+07
-5.292599026592391729e+07
-1.966431074484017119e+07
-2.943390678990324959e+07
-1.112954693706807308e+07
-1.242589721756515279e+07
2.108161783718147129e+07
-1.011607396648358088e+06
1.186351538607092388e+07
2.280577206293053180e+07
1.583937046531898715e+07
2.407940105294456705e+07
-2.327068508650209382e+07
7.129497236784854531e+07
8.293179746952226758e+07
-2.845442360127048194e+07
6.312578375575393438e+07
-1.078125194982812703e+08
6.457633421991252899e+07
6.781461892974099517e+07
8.547025941851779819e+07
6.383818132744532079e+07
6.376902174305173010e+07
-1.343504967004057169e+08
-2.565497383431524783e+07
7.050801223573872447e+07
-1.413365014624079168e+08
-7.439344328681847546e+05
4.167413856801744085e+06
1.248544720245557837e+07
-2.533534572395699844e+07
-2.423396230982569605e+07
-1.280815082763542794e+07
-2.007182920821232023e+06
6.042255608503398485e+06
-3.683029920316635980e+05
4.739857421349630691e+06
-1.228221069635905772e+08
9.390702983533352613e+06
-4.273098763494678773e+06
-2.453431991130918264e+07
-2.684325443412609771e+07
-1.886791501045250893e+07
-2.087742006455319002e+07
-1.499493205239916742e+08
-5.475167689608646184e+07
-3.401546621941610426e+07
5.696204960127510130e+06
2.980169091257886961e+06
7.507903358232760429e+07
-3.018790062829770893e+07
-2.146277456999525800e+07
-4.209196160487084650e+06
1.684710814506153762e+07
1.049861664321696013e+07
4.444920144732362032e+07
4.988684103233114630e+07
4.345646278953513503e+07
4.535612108697570115e+07
3.426398040584094822e+07
4.050253181194809824e+07
2.457861904993930459e+07
-8.616039690673667192e+07
-1.030662384665769339e+08
2.512340725977541879e+06
-9.185161458002552390e+07
1.025455190955007076e+08
-8.650693457470652461e+07
-9.306385024639920890e+07
-1.027721161603770554e+08
-9.424749617156694829e+07
-9.181827111535054445e+07
1.085578123341182917e+08
-1.467676988279291429e+07
-8.668129490055397153e+07
1.110420715813110769e+08
1.301628820607601665e+07
4.577264510767967254e+07
-2.874263750780956075e+07
1.813969041299909726e+07
2.429307929373878613e+07
3.007568749404964969e+07
1.383514494358660839e+07
-1.180586133337494358e+07
7.536972752090597525e+06
1.605786682353055663e+07
1.254960382790235877e+08
-6.567124549515951658e+05
1.221737302493582852e+07
4.393955979611332528e+06
1.010611190410546586e+07
4.377685445154462755e+07
4.458902178610218316e+07
1.513102665246230066e+08
6.592283804819355160e+07
1.387409275497984290e+08
6.535778642118939012e+07
4.936004929243408144e+07
-9.729748277700760961e+07
4.500872131041254103e+07
9.380503853005550802e+06
-2.949259800670030992e+06
-2.822151515235577896e+07
-1.586747922888778336e+07
-2.746035444277353212e+07
-4.893551085055007041e+07
-4.882143841819799691e+07
-3.863241188117889315e+07
-3.667981705219660699e+07
-4.670872234053754807e+07
-2.638569657011983171e+07
1.956722146183672128e+06
9.467138771439874545e+06
-3.677478169276265055e+07
-1.268782353427775949e+07
5.190314054486692883e+06
-1.706317448995241150e+07
-2.401845642032646015e+07
-4.290146261441097158e+04
-2.090227423911511898e+07
-2.515997905185086280e+07
1.522636519808429293e+07
-2.479898414718670771e+07
-2.835314210388774984e+06
1.560756036394223571e+07
-2.232282685248508584e+06
-1.071962984883152321e+07
-3.138144415869824961e+07
9.249311779384005815e+06
1.384129927177547477e+07
1.171346531641767360e+07
-1.017407678265175037e+07
-9.934679388575281948e+06
-5.891722474149168469e+06
-8.691817239311557263e+06
-3.947528285032583866e+06
-2.522657784069740772e+07
1.724761720833238214e+07
9.369252127902019769e+06
1.064222447946192883e+07
2.688335486609811778e+05
2.712933548298779875e+06
6.303499096053212881e+06
1.030040358207792230e+07
-1.690447434041304886e+07
-1.942721971682364866e+07
-3.099238221723254770e+07
3.061836817585622892e+06
1.632606929034639336e+07
-1.249061112588201277e+07
-1.456088312977319397e+07
-2.573336877607848495e+06
-6.412512251779227518e+06
7.192342282973749936e+07
5.367984902590774745e+07
3.108479754082545638e+07
4.077114186336576939e+07
4.644550897113750875e+07
-1.590026501048945356e+05
2.803237636329021677e+07
-2.076119533176405728e+08
-2.317000701698172688e+08
1.816580377825986594e+07
-1.932418753794996142e+08
2.652645667625495791e+08
-1.770029924601811469e+08
-1.896532317937724888e+08
-2.306468177303579450e+08
-1.900794039084560871e+08
-1.876717679427467883e+08
3.012242256490831375e+08
5.659272152209214121e+07
-1.991370328321500421e+08
3.193219705754831433e+08
4.943385967523238063e+07
3.320562899830636010e+07
-4.100181793233697116e+07
3.351666278084892780e+07
3.708784624838446081e+07
2.360066681972197071e+07
-2.478086584543823078e+07
-4.658605385580709577e+07
-3.283646810943632573e+07
-2.913122823699464276e+07
3.609001472195782661e+08
-3.729704011447244883e+07
-6.894315140212722123e+06
2.258892402876592055e+07
2.944462232106891274e+07
2.118985404395384192e+08
2.005594511080985069e+08
2.359743957156892419e+08
2.627007388689741194e+08
1.428755363744716048e+08
4.275647609145072848e+07
4.639254325925265998e+07
-2.088169919436363280e+08
1.381828050607119501e+08
7.952363916190871596e+07
2.535419288899473473e+07
-1.961364868570101634e+07
-2.278904925892810524e+07
-1.174604436182881743e+08
-1.203193279916430712e+08
-1.094600862578282207e+08
-1.131720498652972430e+08
-9.348514973206853867e+07
-1.342086595890409350e+08
-1.125088474336823672e+08
-1.940073108705133200e+07
-1.478594601879669540e+07
5.261147703312633932e+07
1.491958709288753802e+06
2.965390380994530022e+07
6.900482611139448360e+06
-8.369734022788706934e+05
-2.768957745851497352e+07
4.296342561756893061e+06
2.101215128853292204e+06
6.399798218799186498e+07
2.965176372883426398e+07
-1.594597738550193049e+07
6.371924200785771757e+07
2.039077359687900543e+07
1.209619675821754895e+07
-1.123837367453588918e+07
-6.471268516342592984e+07
-6.873199290458603203e+07
-5.061251323889244348e+07
-5.169151292844370939e+06
1.865956557764516771e+07
8.670707052501160651e+06
-5.825411526064469479e+06
4.013282200580055267e+07
-1.209706539982256712e+06
-4.860079697830898315e+07
-5.646559702264872193e+07
-6.069856210596287996e+07
-4.899617957664947025e+06
-3.569837140355444280e+05
7.179337652405799925e+07
1.612381404844221286e+07
4.480907782175514847e+07
2.195021876906841993e+07
1.314589688478689082e+07
-7.820026020398656838e+06
5.002905902086624503e+07
3.502834266556661110e+06
-1.204122212124558724e+07
-1.162688558481962420e+07
-2.649627531898323912e+06
2.332605296116511151e+07
-3.679790111109830905e+06
1.277639037818709202e+07
4.651807096976471134e+06
5.367859158449977636e+06
-1.434382342589819245e+07
3.573583357572118640e+08
1.729050689167140126e+08
1.795255496075143814e+08
-1.065099294077185541e+08
1.271089333605487496e+08
-1.609917601374146640e+08
9.366803814948187768e+07
1.139518600843274146e+08
1.827056861345000863e+08
1.083546540434801430e+08
1.040925985081400722e+08
-1.861637775561370552e+08
-6.552594213507009298e+07
1.655504459628877938e+08
-2.073536187577912807e+08
-2.799093900769265741e+07
-5.488735063712846488e+07
-2.245178170746155083e+07
-1.524161727652932107e+08
-1.484926790163740814e+08
-1.234450589788784981e+08
-6.364191189441949874e+07
-9.282451147566821426e+06
-4.225482556512130797e+07
-5.971108762503698468e+07
-2.206748828086534739e+08
-3.235671822281994298e+07
-9.561650380787816644e+07
-1.444736628785380423e+08
-1.523328652890892327e+08
-1.217677154363076836e+08
-1.311619232710384876e+08
-1.454137715759030282e+08
-1.415664527314542532e+08
-1.017069316549814641e+08
-4.339738978207536042e+07
-2.690134924794659019e+07
1.732896482692058384e+08
9.430022587598139420e+06
5.417388630729192495e+07
9.236579255769535899e+07
7.919644333979274333e+07
7.378961185122615099e+07
8.108927909998467565e+07
1.163347587083993703e+08
1.184616463250031024e+08
1.289234601956250221e+08
9.999010354627235234e+07
1.562236297328912616e+08
