2.255641518478316565e-01
1.160281877504359543e-01
8.805204807977058679e-02
2.256612721422372736e-01
6.313454933907793887e-01
8.088491216084396918e-01
-3.331658019138871718e-01
-5.451407218267600996e-02
-1.761540349688748286e-01
9.697772253945400323e-01
1.798034831569288672e+00
-7.615693442030352367e-01
-9.240652036245403655e-01
2.580584287196351134e+00
5.855782687479901272e-01
-2.794399848568063227e-01
6.879575113401488196e-01
2.871549408398099246e+00
-1.739936546629590630e+00
4.786167725701351294e+00
-2.932228352575082297e+00
-5.483275446095855266e+00
-4.050794553393093800e+00
