-3.900207275249449879e-01
1.005567784596947956e-01
-2.168739472397561430e-01
-4.335717306320503901e-03
-3.932862545831076750e-01
2.500946362933776368e-01
1.493901656886877094e-01
5.432115539167446938e-01
5.280477615603740293e-02
1.038340671115355884e-01
-7.434251072358620538e-02
-4.871557785495137516e-01
9.695221157753758368e-01
-9.976340639066334781e-02
1.515459824217095797e-01
-3.250687114548572176e-01
-8.087760067708517076e-01
1.286425194771846914e-01
-1.659721229012907306e+00
-1.402780100658490126e+00
-3.858690194140455443e+00
-7.185359377575526452e-01
1.224382532118595712e+01
