6.718882560831698214e-01
2.518361915087128922e-01
-4.165477582502929432e-01
1.820773959359148486e-01
4.383607659145341007e-01
1.894927839854774199e-01
3.360692303917664492e-01
-7.875397249993616455e-01
2.340980846849647079e-01
-5.208219333266329576e-01
1.573363592565270586e-01
1.134753958498607052e+00
-5.052364914939396767e-01
6.063967607664353388e-01
1.138521065297647850e+00
-2.093178209531322276e-01
3.052131207356823861e+00
-3.422299059564437584e+00
-1.232114364222280933e-01
3.494688749218729296e+00
2.165431077389613712e+00
8.779911134816726914e+00
3.820820319119445085e-01
