4.866746757868707363e-01
1.690720284518055505e-01
-6.466526827028018509e-02
-1.176850282423236999e-01
1.371109211530564254e-01
-1.778995030327214621e+00
6.942561711027468441e-01
-4.136517572874813253e-01
-1.235769293439403782e-01
4.629686843677691122e-01
-2.128839291236458653e+00
6.108296214193406071e-01
-4.124813910580367726e-01
-2.670858459952736297e+00
3.048026405348349122e-01
-2.365669090614585190e+00
-1.418165682886120882e+00
-2.721852810271387924e+00
3.584441041458901633e+00
4.632006978981541567e-01
-6.248715551494976594e-02
-5.938841160663728580e+00
-2.142712403394268161e+00
